"C:\Users\Avni Hardik Mehta.DESKTOP-RM37FMH\AppData\Local\Programs\Python\Python35\python.exe" C:/Users/AvniMehta/PycharmProjects/LabAssignment2/Task4.py

My random 15x15 array is...

[[ 0.20588882  0.26975247  0.54293671  0.28640224  0.57435946  0.99830053
   0.91488942  0.58121319  0.81282415  0.45505062  0.27345458  0.73682526
   0.49204589  0.01564655  0.74557498]
 [ 0.20995328  0.10818332  0.49738646  0.43879231  0.17265507  0.35241792
   0.76878723  0.31290203  0.6828534   0.50874509  0.2234281   0.6832854
   0.02937039  0.50561132  0.38479102]
 [ 0.47084253  0.34558575  0.04327568  0.17872865  0.66001579  0.56850726
   0.43557129  0.03153245  0.17204231  0.5317907   0.77399072  0.0663623
   0.40056195  0.21414885  0.76668653]
 [ 0.89176591  0.18958574  0.646533    0.12635715  0.47098259  0.85397303
   0.15429704  0.59620454  0.85252349  0.81871532  0.78758085  0.91143737
   0.16814517  0.09353608  0.32408337]
 [ 0.35941737  0.01797057  0.04732877  0.87192922  0.44264878  0.66068923
   0.29947481  0.94832787  0.92845596  0.8034773   0.98594689  0.98076526
   0.18236616  0.72811744  0.09707954]
 [ 0.94998623  0.89956023  0.79973225  0.55198903  0.0528846   0.05866167
   0.09926727  0.82181782  0.2268364   0.00890399  0.60895747  0.4417941
   0.61067175  0.3940954   0.70040591]
 [ 0.01216303  0.55755328  0.46766192  0.4441322   0.66960859  0.8273187
   0.43825518  0.7776007   0.83993531  0.99434209  0.97475204  0.74640249
   0.68149416  0.41208498  0.46772694]
 [ 0.2213499   0.43769363  0.97421557  0.79134259  0.33860142  0.40125256
   0.99599357  0.72027516  0.37548578  0.80918279  0.90469596  0.15643207
   0.77220869  0.79583847  0.06796612]
 [ 0.21616647  0.61259491  0.50680078  0.71443391  0.17497403  0.25792475
   0.77099988  0.95132286  0.00838144  0.18205046  0.35830606  0.36335085
   0.78594928  0.3691055   0.973329  ]
 [ 0.24607122  0.63382773  0.40674135  0.17758061  0.62064003  0.01976327
   0.88831746  0.68405801  0.20424757  0.99121435  0.65706263  0.94782937
   0.91862474  0.49311844  0.04255451]
 [ 0.47659893  0.38798678  0.73485841  0.72823663  0.02838433  0.7518628
   0.48584916  0.99707693  0.1634665   0.5151431   0.26072132  0.29000424
   0.91535177  0.64626263  0.9878975 ]
 [ 0.89065588  0.24540901  0.14780591  0.30376493  0.3584694   0.49261001
   0.79247041  0.85786166  0.36901967  0.42010668  0.84764985  0.06479396
   0.91127519  0.56238982  0.75476625]
 [ 0.33944462  0.07625656  0.85472481  0.03818191  0.01658077  0.16885011
   0.24046261  0.78928885  0.94004743  0.40979864  0.84368347  0.803772
   0.625929    0.90553858  0.70863308]
 [ 0.47654868  0.45209489  0.29944647  0.55292253  0.39699489  0.02030146
   0.09794997  0.67700008  0.386972    0.70125169  0.30182898  0.10266776
   0.46805388  0.25902637  0.34528122]
 [ 0.7691579   0.74167075  0.34062684  0.30220663  0.0700338   0.07266583
   0.67525979  0.30307451  0.40498893  0.28266845  0.69959017  0.42407673
   0.0256987   0.46911112  0.5273931 ]]

--------------------------------------------------------------------

Maximum value in the vector = 0.998300529795
Maximum value at position = (0, 5)

Updated Vector is : 

[[  2.05888823e-01   2.69752466e-01   5.42936711e-01   2.86402240e-01
    5.74359462e-01   1.00000000e+02   9.14889418e-01   5.81213187e-01
    8.12824146e-01   4.55050617e-01   2.73454583e-01   7.36825260e-01
    4.92045889e-01   1.56465479e-02   7.45574978e-01]
 [  2.09953280e-01   1.08183316e-01   4.97386461e-01   4.38792309e-01
    1.72655066e-01   3.52417917e-01   7.68787229e-01   3.12902033e-01
    6.82853396e-01   5.08745086e-01   2.23428100e-01   6.83285397e-01
    2.93703922e-02   5.05611324e-01   3.84791019e-01]
 [  4.70842526e-01   3.45585751e-01   4.32756787e-02   1.78728651e-01
    6.60015787e-01   5.68507260e-01   4.35571291e-01   3.15324474e-02
    1.72042308e-01   5.31790699e-01   7.73990719e-01   6.63622960e-02
    4.00561951e-01   2.14148847e-01   7.66686530e-01]
 [  8.91765907e-01   1.89585735e-01   6.46532997e-01   1.26357147e-01
    4.70982585e-01   8.53973033e-01   1.54297038e-01   5.96204539e-01
    8.52523494e-01   8.18715319e-01   7.87580846e-01   9.11437370e-01
    1.68145171e-01   9.35360751e-02   3.24083366e-01]
 [  3.59417374e-01   1.79705739e-02   4.73287666e-02   8.71929223e-01
    4.42648782e-01   6.60689234e-01   2.99474805e-01   9.48327869e-01
    9.28455955e-01   8.03477305e-01   9.85946890e-01   9.80765258e-01
    1.82366163e-01   7.28117437e-01   9.70795364e-02]
 [  9.49986233e-01   8.99560231e-01   7.99732247e-01   5.51989027e-01
    5.28846010e-02   5.86616694e-02   9.92672711e-02   8.21817822e-01
    2.26836399e-01   8.90399185e-03   6.08957474e-01   4.41794104e-01
    6.10671751e-01   3.94095399e-01   7.00405914e-01]
 [  1.21630327e-02   5.57553276e-01   4.67661918e-01   4.44132198e-01
    6.69608586e-01   8.27318696e-01   4.38255179e-01   7.77600700e-01
    8.39935307e-01   9.94342089e-01   9.74752044e-01   7.46402485e-01
    6.81494157e-01   4.12084977e-01   4.67726936e-01]
 [  2.21349900e-01   4.37693627e-01   9.74215566e-01   7.91342591e-01
    3.38601423e-01   4.01252557e-01   9.95993572e-01   7.20275157e-01
    3.75485777e-01   8.09182787e-01   9.04695963e-01   1.56432069e-01
    7.72208690e-01   7.95838472e-01   6.79661183e-02]
 [  2.16166468e-01   6.12594910e-01   5.06800784e-01   7.14433910e-01
    1.74974031e-01   2.57924752e-01   7.70999882e-01   9.51322861e-01
    8.38143556e-03   1.82050463e-01   3.58306065e-01   3.63350851e-01
    7.85949282e-01   3.69105502e-01   9.73328997e-01]
 [  2.46071223e-01   6.33827728e-01   4.06741346e-01   1.77580615e-01
    6.20640034e-01   1.97632739e-02   8.88317457e-01   6.84058014e-01
    2.04247566e-01   9.91214353e-01   6.57062632e-01   9.47829371e-01
    9.18624736e-01   4.93118442e-01   4.25545065e-02]
 [  4.76598933e-01   3.87986781e-01   7.34858411e-01   7.28236626e-01
    2.83843335e-02   7.51862799e-01   4.85849163e-01   9.97076927e-01
    1.63466498e-01   5.15143098e-01   2.60721317e-01   2.90004243e-01
    9.15351774e-01   6.46262630e-01   9.87897499e-01]
 [  8.90655879e-01   2.45409010e-01   1.47805910e-01   3.03764933e-01
    3.58469398e-01   4.92610007e-01   7.92470410e-01   8.57861664e-01
    3.69019671e-01   4.20106679e-01   8.47649851e-01   6.47939550e-02
    9.11275189e-01   5.62389818e-01   7.54766245e-01]
 [  3.39444619e-01   7.62565611e-02   8.54724807e-01   3.81819081e-02
    1.65807653e-02   1.68850110e-01   2.40462609e-01   7.89288849e-01
    9.40047429e-01   4.09798644e-01   8.43683465e-01   8.03771996e-01
    6.25929003e-01   9.05538577e-01   7.08633080e-01]
 [  4.76548682e-01   4.52094888e-01   2.99446467e-01   5.52922534e-01
    3.96994888e-01   2.03014618e-02   9.79499708e-02   6.77000081e-01
    3.86972003e-01   7.01251686e-01   3.01828977e-01   1.02667761e-01
    4.68053881e-01   2.59026373e-01   3.45281222e-01]
 [  7.69157900e-01   7.41670753e-01   3.40626841e-01   3.02206628e-01
    7.00337993e-02   7.26658271e-02   6.75259785e-01   3.03074511e-01
    4.04988929e-01   2.82668454e-01   6.99590171e-01   4.24076730e-01
    2.56986951e-02   4.69111123e-01   5.27393097e-01]]

Process finished with exit code 0
